0.084 0.058 0.077 0.124 0.046 0.067 0.034 0.054 0.041 0.051 0.097 0.065 0.090 0.112
0.066 0.052 0.065 0.049 0.096 0.074 0.029 0.088 0.104 0.032 0.097 0.116 0.076 0.056
0.074 0.071 0.054 0.055 0.113 0.079 0.030 0.031 0.048 0.032 0.148 0.105 0.070 0.091
0.034 0.049 0.059 0.203 0.091 0.125 0.031 0.074 0.078 0.040 0.050 0.054 0.064 0.047
0.031 0.083 0.037 0.065 0.162 0.041 0.029 0.088 0.087 0.053 0.075 0.056 0.107 0.086
0.080 0.117 0.060 0.100 0.136 0.059 0.023 0.068 0.042 0.052 0.027 0.071 0.058 0.107
0.097 0.065 0.069 0.096 0.072 0.070 0.038 0.046 0.110 0.048 0.076 0.095 0.069 0.049
0.085 0.097 0.059 0.052 0.141 0.038 0.036 0.069 0.063 0.053 0.082 0.056 0.097 0.073
0.030 0.051 0.094 0.061 0.077 0.093 0.020 0.034 0.083 0.052 0.047 0.052 0.143 0.162
0.027 0.055 0.092 0.094 0.078 0.040 0.033 0.034 0.045 0.065 0.135 0.139 0.075 0.088
0.077 0.068 0.077 0.068 0.072 0.077 0.035 0.067 0.080 0.059 0.070 0.092 0.076 0.081
0.099 0.029 0.098 0.039 0.081 0.107 0.029 0.027 0.069 0.034 0.037 0.171 0.144 0.037
0.047 0.046 0.084 0.067 0.139 0.070 0.033 0.054 0.092 0.071 0.039 0.115 0.072 0.071
0.045 0.084 0.045 0.111 0.064 0.089 0.029 0.078 0.063 0.058 0.076 0.063 0.122 0.072
0.080 0.071 0.084 0.033 0.137 0.022 0.033 0.032 0.202 0.034 0.053 0.064 0.110 0.044
0.065 0.068 0.061 0.113 0.077 0.044 0.035 0.087 0.135 0.086 0.030 0.094 0.050 0.055
0.066 0.075 0.069 0.078 0.074 0.081 0.034 0.065 0.086 0.055 0.077 0.078 0.081 0.081
0.047 0.033 0.064 0.119 0.028 0.090 0.015 0.103 0.028 0.051 0.119 0.075 0.084 0.144
0.064 0.079 0.108 0.073 0.056 0.094 0.030 0.079 0.032 0.052 0.080 0.141 0.047 0.065
0.105 0.097 0.054 0.049 0.051 0.067 0.026 0.025 0.227 0.079 0.058 0.049 0.028 0.086
0.073 0.082 0.080 0.077 0.077 0.073 0.032 0.064 0.075 0.056 0.064 0.086 0.077 0.085
0.143 0.048 0.042 0.061 0.114 0.064 0.027 0.074 0.067 0.031 0.065 0.150 0.075 0.037
0.072 0.072 0.077 0.077 0.082 0.072 0.033 0.071 0.073 0.053 0.081 0.084 0.077 0.075
0.097 0.085 0.050 0.093 0.090 0.074 0.033 0.052 0.165 0.032 0.096 0.059 0.030 0.045
0.095 0.038 0.057 0.138 0.041 0.072 0.036 0.036 0.099 0.023 0.022 0.166 0.067 0.110
0.075 0.077 0.068 0.070 0.083 0.074 0.034 0.070 0.081 0.051 0.070 0.097 0.070 0.080
0.047 0.088 0.061 0.131 0.110 0.049 0.033 0.073 0.096 0.045 0.064 0.053 0.077 0.074
0.030 0.066 0.060 0.043 0.096 0.067 0.028 0.121 0.058 0.064 0.050 0.072 0.151 0.095
0.060 0.015 0.038 0.113 0.066 0.061 0.027 0.041 0.062 0.041 0.061 0.068 0.127 0.219
0.030 0.130 0.038 0.085 0.077 0.080 0.031 0.041 0.074 0.033 0.061 0.145 0.070 0.106
0.077 0.070 0.066 0.075 0.070 0.084 0.035 0.070 0.087 0.067 0.073 0.084 0.064 0.076
0.049 0.095 0.107 0.040 0.052 0.051 0.029 0.085 0.075 0.069 0.046 0.164 0.063 0.075
0.086 0.093 0.116 0.057 0.086 0.062 0.027 0.042 0.047 0.053 0.065 0.111 0.036 0.119
0.063 0.060 0.088 0.060 0.073 0.065 0.035 0.060 0.080 0.051 0.067 0.120 0.077 0.101
0.112 0.063 0.069 0.063 0.055 0.077 0.034 0.042 0.104 0.045 0.098 0.100 0.082 0.054
0.054 0.125 0.081 0.058 0.074 0.120 0.032 0.057 0.069 0.064 0.093 0.042 0.063 0.068
0.096 0.081 0.066 0.067 0.120 0.077 0.031 0.061 0.092 0.045 0.060 0.073 0.081 0.050
0.063 0.044 0.039 0.076 0.105 0.087 0.024 0.080 0.088 0.056 0.086 0.101 0.102 0.050
0.083 0.041 0.068 0.074 0.038 0.089 0.035 0.074 0.084 0.066 0.057 0.141 0.098 0.052
0.074 0.021 0.053 0.185 0.034 0.065 0.017 0.054 0.046 0.061 0.058 0.142 0.086 0.104
0.036 0.075 0.043 0.066 0.092 0.079 0.026 0.057 0.180 0.069 0.087 0.069 0.058 0.063
0.041 0.065 0.051 0.095 0.088 0.134 0.034 0.065 0.084 0.049 0.049 0.064 0.057 0.124
0.068 0.071 0.088 0.052 0.047 0.139 0.026 0.051 0.069 0.052 0.066 0.045 0.053 0.173
0.056 0.059 0.091 0.108 0.058 0.118 0.027 0.089 0.093 0.037 0.066 0.081 0.021 0.097
0.101 0.033 0.032 0.072 0.077 0.077 0.033 0.034 0.066 0.032 0.089 0.123 0.132 0.099
0.090 0.054 0.059 0.085 0.066 0.064 0.043 0.107 0.106 0.038 0.071 0.078 0.075 0.064
0.076 0.030 0.033 0.105 0.024 0.120 0.020 0.064 0.126 0.077 0.041 0.105 0.078 0.102
0.056 0.055 0.137 0.050 0.094 0.127 0.025 0.035 0.078 0.053 0.057 0.071 0.080 0.082
0.062 0.129 0.043 0.078 0.078 0.068 0.032 0.071 0.047 0.044 0.088 0.091 0.068 0.100
0.139 0.062 0.061 0.082 0.061 0.067 0.029 0.028 0.084 0.054 0.123 0.080 0.041 0.088
0.101 0.076 0.035 0.120 0.068 0.137 0.031 0.025 0.054 0.029 0.066 0.162 0.044 0.052
0.095 0.069 0.035 0.065 0.058 0.089 0.030 0.034 0.085 0.050 0.081 0.048 0.091 0.170
0.075 0.063 0.092 0.129 0.101 0.039 0.015 0.047 0.074 0.059 0.075 0.059 0.072 0.100
0.050 0.073 0.093 0.066 0.058 0.114 0.034 0.070 0.054 0.055 0.110 0.076 0.073 0.074
0.063 0.093 0.129 0.043 0.063 0.064 0.023 0.034 0.115 0.036 0.095 0.042 0.095 0.103
0.037 0.051 0.057 0.056 0.028 0.051 0.021 0.059 0.262 0.058 0.099 0.140 0.056 0.024
0.043 0.102 0.046 0.085 0.063 0.073 0.016 0.064 0.092 0.071 0.060 0.153 0.073 0.059
0.051 0.059 0.046 0.087 0.098 0.143 0.031 0.062 0.135 0.044 0.065 0.055 0.049 0.075
0.048 0.029 0.028 0.146 0.049 0.058 0.028 0.081 0.103 0.072 0.107 0.091 0.116 0.044
0.045 0.083 0.065 0.038 0.033 0.067 0.041 0.032 0.090 0.081 0.114 0.116 0.089 0.105
0.106 0.048 0.026 0.102 0.125 0.042 0.022 0.042 0.120 0.055 0.052 0.074 0.097 0.090
0.131 0.070 0.079 0.072 0.057 0.068 0.028 0.075 0.138 0.038 0.069 0.064 0.054 0.058
0.049 0.123 0.050 0.076 0.069 0.061 0.026 0.040 0.141 0.060 0.027 0.046 0.147 0.084
0.067 0.106 0.034 0.037 0.084 0.113 0.028 0.080 0.094 0.051 0.087 0.088 0.025 0.106
0.098 0.119 0.042 0.048 0.068 0.079 0.029 0.043 0.138 0.130 0.036 0.058 0.049 0.064
0.037 0.039 0.055 0.145 0.141 0.054 0.027 0.079 0.116 0.041 0.066 0.037 0.085 0.079
0.084 0.052 0.037 0.090 0.057 0.055 0.032 0.058 0.078 0.043 0.136 0.127 0.066 0.085
0.080 0.067 0.071 0.082 0.072 0.074 0.037 0.068 0.085 0.052 0.072 0.086 0.071 0.083
0.063 0.092 0.104 0.104 0.047 0.085 0.027 0.059 0.044 0.048 0.081 0.105 0.083 0.056
0.038 0.106 0.059 0.076 0.114 0.035 0.019 0.033 0.087 0.037 0.100 0.074 0.052 0.170
0.060 0.070 0.112 0.044 0.113 0.056 0.020 0.078 0.108 0.026 0.133 0.086 0.061 0.033
0.055 0.085 0.033 0.091 0.143 0.072 0.022 0.036 0.096 0.053 0.058 0.131 0.053 0.072
0.084 0.102 0.061 0.042 0.058 0.066 0.027 0.024 0.148 0.040 0.105 0.154 0.045 0.043
0.062 0.041 0.056 0.161 0.091 0.073 0.035 0.034 0.062 0.036 0.044 0.087 0.121 0.097
0.043 0.106 0.069 0.052 0.162 0.126 0.023 0.065 0.090 0.029 0.045 0.043 0.058 0.089
0.063 0.084 0.062 0.077 0.070 0.103 0.032 0.077 0.061 0.037 0.045 0.079 0.109 0.101
0.035 0.021 0.044 0.053 0.044 0.042 0.027 0.070 0.091 0.064 0.068 0.236 0.047 0.158
0.059 0.062 0.063 0.138 0.085 0.101 0.034 0.043 0.070 0.049 0.100 0.072 0.043 0.081
0.053 0.036 0.027 0.039 0.051 0.047 0.034 0.069 0.060 0.062 0.031 0.228 0.121 0.143
0.066 0.074 0.071 0.076 0.072 0.072 0.034 0.071 0.091 0.053 0.078 0.081 0.084 0.076
0.067 0.057 0.092 0.106 0.100 0.075 0.027 0.041 0.046 0.091 0.070 0.056 0.098 0.074
0.073 0.038 0.062 0.039 0.077 0.076 0.021 0.028 0.201 0.036 0.065 0.126 0.061 0.098
0.048 0.029 0.133 0.109 0.085 0.073 0.031 0.025 0.103 0.044 0.065 0.100 0.035 0.121
0.048 0.104 0.064 0.065 0.106 0.058 0.033 0.038 0.084 0.041 0.086 0.047 0.155 0.073
0.073 0.037 0.018 0.038 0.097 0.170 0.012 0.080 0.120 0.081 0.060 0.079 0.046 0.089
0.059 0.049 0.084 0.097 0.109 0.049 0.030 0.062 0.077 0.040 0.069 0.063 0.119 0.093
0.049 0.065 0.064 0.072 0.066 0.067 0.035 0.060 0.106 0.047 0.080 0.083 0.064 0.141
0.085 0.132 0.051 0.058 0.040 0.061 0.029 0.049 0.084 0.048 0.134 0.085 0.070 0.077
0.082 0.024 0.064 0.080 0.096 0.048 0.028 0.065 0.142 0.046 0.105 0.077 0.049 0.094
0.087 0.096 0.063 0.084 0.047 0.052 0.032 0.073 0.072 0.055 0.112 0.066 0.067 0.095
0.100 0.048 0.026 0.062 0.119 0.114 0.025 0.039 0.072 0.045 0.091 0.084 0.135 0.039
0.080 0.053 0.070 0.058 0.137 0.084 0.032 0.036 0.054 0.054 0.060 0.073 0.057 0.152
0.095 0.067 0.043 0.043 0.088 0.086 0.032 0.042 0.094 0.063 0.070 0.100 0.099 0.078
0.058 0.071 0.070 0.096 0.063 0.058 0.027 0.073 0.071 0.053 0.053 0.073 0.125 0.108
0.032 0.096 0.035 0.024 0.106 0.050 0.024 0.097 0.046 0.070 0.035 0.146 0.054 0.186
0.080 0.031 0.053 0.073 0.079 0.073 0.037 0.059 0.084 0.036 0.048 0.177 0.076 0.094
0.078 0.101 0.097 0.042 0.045 0.083 0.032 0.105 0.074 0.051 0.063 0.059 0.055 0.115
0.038 0.104 0.054 0.053 0.090 0.044 0.029 0.037 0.070 0.042 0.075 0.159 0.077 0.128
0.109 0.030 0.092 0.110 0.048 0.099 0.024 0.043 0.035 0.061 0.078 0.066 0.125 0.079
0.089 0.048 0.070 0.045 0.112 0.054 0.026 0.035 0.108 0.045 0.090 0.085 0.058 0.136
0.079 0.059 0.055 0.046 0.032 0.037 0.027 0.082 0.177 0.039 0.070 0.105 0.112 0.081
0.093 0.078 0.061 0.138 0.098 0.108 0.027 0.033 0.080 0.045 0.093 0.057 0.040 0.048
0.047 0.074 0.040 0.058 0.108 0.077 0.029 0.068 0.075 0.052 0.099 0.115 0.066 0.092
0.063 0.083 0.074 0.064 0.106 0.056 0.032 0.041 0.042 0.075 0.057 0.081 0.080 0.147
0.046 0.065 0.094 0.027 0.185 0.048 0.027 0.070 0.057 0.068 0.111 0.063 0.115 0.024
0.068 0.073 0.074 0.071 0.080 0.082 0.032 0.068 0.076 0.059 0.079 0.079 0.076 0.083
0.103 0.055 0.054 0.071 0.084 0.114 0.027 0.077 0.065 0.041 0.074 0.052 0.069 0.115
0.089 0.081 0.090 0.044 0.045 0.077 0.031 0.055 0.095 0.068 0.067 0.054 0.095 0.110
0.134 0.045 0.043 0.097 0.100 0.070 0.025 0.057 0.077 0.092 0.089 0.064 0.041 0.065
0.062 0.064 0.035 0.069 0.138 0.078 0.033 0.062 0.068 0.069 0.082 0.131 0.048 0.059
0.075 0.100 0.038 0.065 0.057 0.139 0.033 0.058 0.061 0.061 0.069 0.126 0.058 0.060
0.039 0.071 0.039 0.118 0.042 0.106 0.025 0.042 0.072 0.046 0.145 0.067 0.076 0.114
0.058 0.082 0.055 0.064 0.047 0.086 0.031 0.116 0.094 0.068 0.058 0.120 0.045 0.078
0.047 0.106 0.045 0.088 0.103 0.162 0.018 0.029 0.134 0.047 0.040 0.054 0.084 0.042
0.042 0.072 0.042 0.063 0.074 0.195 0.029 0.045 0.097 0.065 0.041 0.094 0.084 0.058
0.078 0.123 0.078 0.068 0.061 0.102 0.024 0.063 0.097 0.033 0.118 0.033 0.046 0.078
0.106 0.052 0.045 0.050 0.043 0.121 0.030 0.061 0.176 0.030 0.033 0.083 0.041 0.130
0.050 0.039 0.040 0.028 0.068 0.044 0.034 0.044 0.145 0.046 0.054 0.072 0.203 0.135
0.043 0.062 0.058 0.113 0.174 0.076 0.021 0.056 0.091 0.065 0.085 0.056 0.062 0.038
0.057 0.064 0.073 0.111 0.083 0.058 0.032 0.063 0.046 0.057 0.107 0.069 0.084 0.097
0.105 0.092 0.074 0.049 0.044 0.094 0.034 0.043 0.096 0.064 0.049 0.113 0.080 0.062
0.097 0.134 0.040 0.065 0.075 0.082 0.032 0.041 0.066 0.050 0.070 0.100 0.041 0.105
0.086 0.087 0.052 0.046 0.047 0.072 0.022 0.034 0.182 0.031 0.145 0.114 0.037 0.044
0.082 0.074 0.083 0.121 0.098 0.048 0.029 0.034 0.075 0.060 0.047 0.070 0.078 0.102
0.076 0.044 0.031 0.055 0.089 0.032 0.020 0.033 0.096 0.144 0.044 0.086 0.151 0.098
0.069 0.085 0.076 0.067 0.076 0.074 0.033 0.063 0.080 0.058 0.067 0.098 0.075 0.078
0.054 0.072 0.055 0.125 0.184 0.037 0.026 0.060 0.047 0.066 0.096 0.039 0.056 0.081
0.023 0.080 0.027 0.216 0.100 0.066 0.016 0.068 0.110 0.045 0.081 0.052 0.069 0.047
0.045 0.066 0.036 0.100 0.166 0.125 0.025 0.032 0.111 0.026 0.039 0.072 0.097 0.060
0.096 0.047 0.068 0.106 0.106 0.067 0.032 0.072 0.068 0.047 0.067 0.120 0.055 0.049
0.047 0.039 0.082 0.092 0.093 0.072 0.036 0.060 0.135 0.085 0.072 0.078 0.062 0.046
0.055 0.044 0.036 0.112 0.050 0.055 0.031 0.083 0.044 0.054 0.095 0.177 0.079 0.084
0.043 0.118 0.077 0.045 0.051 0.079 0.035 0.036 0.120 0.080 0.084 0.089 0.068 0.074
0.057 0.090 0.124 0.055 0.141 0.061 0.025 0.048 0.069 0.079 0.063 0.092 0.034 0.063
0.024 0.078 0.030 0.082 0.117 0.029 0.017 0.085 0.047 0.088 0.044 0.127 0.045 0.186
0.112 0.023 0.093 0.035 0.105 0.079 0.032 0.055 0.148 0.113 0.048 0.059 0.048 0.047
0.070 0.049 0.055 0.034 0.059 0.058 0.033 0.066 0.120 0.066 0.112 0.056 0.066 0.156
0.067 0.057 0.026 0.112 0.097 0.033 0.026 0.090 0.169 0.040 0.104 0.041 0.039 0.098
0.107 0.085 0.038 0.194 0.062 0.070 0.032 0.053 0.055 0.039 0.098 0.063 0.057 0.048
0.115 0.066 0.084 0.105 0.120 0.060 0.030 0.034 0.060 0.066 0.039 0.085 0.074 0.061
0.093 0.061 0.118 0.047 0.035 0.059 0.027 0.073 0.125 0.033 0.053 0.140 0.044 0.092
0.065 0.078 0.027 0.075 0.086 0.067 0.033 0.070 0.060 0.085 0.162 0.060 0.034 0.098
0.038 0.088 0.070 0.061 0.086 0.096 0.030 0.090 0.106 0.049 0.088 0.058 0.075 0.064
0.078 0.041 0.052 0.112 0.077 0.046 0.030 0.063 0.069 0.045 0.063 0.071 0.138 0.116
0.061 0.069 0.081 0.049 0.089 0.150 0.028 0.023 0.128 0.048 0.057 0.061 0.070 0.087
0.069 0.062 0.074 0.124 0.051 0.043 0.023 0.041 0.053 0.045 0.046 0.165 0.083 0.121
0.028 0.102 0.049 0.084 0.102 0.069 0.035 0.045 0.041 0.034 0.042 0.227 0.075 0.067
0.068 0.078 0.058 0.064 0.083 0.086 0.027 0.134 0.040 0.037 0.069 0.099 0.097 0.060
0.050 0.048 0.040 0.092 0.047 0.032 0.036 0.024 0.160 0.092 0.104 0.113 0.053 0.110
0.034 0.026 0.091 0.055 0.086 0.067 0.022 0.040 0.179 0.047 0.088 0.064 0.112 0.087
0.026 0.099 0.058 0.046 0.157 0.053 0.014 0.071 0.144 0.043 0.089 0.091 0.039 0.071
0.051 0.062 0.045 0.062 0.124 0.049 0.029 0.058 0.094 0.070 0.050 0.105 0.152 0.050
0.080 0.078 0.068 0.051 0.103 0.106 0.032 0.059 0.109 0.058 0.094 0.038 0.056 0.067
0.037 0.070 0.034 0.105 0.065 0.113 0.033 0.049 0.085 0.083 0.027 0.125 0.045 0.129
0.068 0.101 0.051 0.056 0.071 0.075 0.035 0.044 0.147 0.073 0.077 0.098 0.039 0.065
0.075 0.074 0.055 0.116 0.054 0.083 0.037 0.043 0.117 0.045 0.037 0.141 0.031 0.091
0.067 0.035 0.109 0.110 0.025 0.064 0.027 0.021 0.175 0.059 0.043 0.088 0.048 0.130
0.073 0.099 0.045 0.094 0.079 0.066 0.028 0.062 0.067 0.083 0.120 0.049 0.048 0.087
0.037 0.088 0.083 0.098 0.048 0.094 0.025 0.037 0.106 0.064 0.146 0.050 0.047 0.078
0.150 0.074 0.056 0.031 0.036 0.145 0.026 0.049 0.047 0.053 0.060 0.079 0.058 0.136
0.043 0.045 0.087 0.074 0.048 0.094 0.028 0.113 0.141 0.061 0.082 0.058 0.057 0.068
0.049 0.163 0.020 0.059 0.106 0.044 0.027 0.031 0.138 0.121 0.072 0.059 0.036 0.075
0.055 0.077 0.070 0.084 0.076 0.099 0.026 0.100 0.063 0.073 0.099 0.049 0.062 0.066
0.060 0.072 0.060 0.061 0.158 0.075 0.037 0.057 0.063 0.053 0.074 0.061 0.078 0.092
0.063 0.081 0.068 0.071 0.060 0.119 0.034 0.061 0.048 0.083 0.077 0.068 0.066 0.102
0.053 0.112 0.060 0.049 0.024 0.043 0.020 0.081 0.107 0.108 0.086 0.105 0.058 0.092
0.041 0.050 0.021 0.070 0.070 0.093 0.029 0.040 0.073 0.067 0.122 0.129 0.030 0.166
0.037 0.060 0.054 0.065 0.072 0.075 0.022 0.038 0.133 0.067 0.053 0.151 0.117 0.056
0.043 0.086 0.080 0.075 0.081 0.038 0.033 0.073 0.059 0.074 0.122 0.117 0.064 0.056
0.110 0.050 0.049 0.064 0.050 0.091 0.032 0.062 0.106 0.063 0.076 0.099 0.101 0.047
0.051 0.050 0.055 0.141 0.051 0.075 0.027 0.033 0.087 0.089 0.046 0.117 0.056 0.123
0.076 0.098 0.069 0.050 0.075 0.063 0.027 0.064 0.082 0.050 0.062 0.123 0.081 0.080
0.068 0.099 0.028 0.066 0.037 0.022 0.027 0.035 0.076 0.096 0.092 0.178 0.037 0.139
0.083 0.055 0.087 0.059 0.028 0.065 0.020 0.028 0.145 0.041 0.046 0.084 0.070 0.189
0.061 0.049 0.052 0.055 0.122 0.073 0.030 0.056 0.122 0.059 0.059 0.048 0.127 0.086
0.035 0.113 0.061 0.031 0.065 0.064 0.028 0.051 0.050 0.072 0.049 0.099 0.103 0.179
0.138 0.104 0.055 0.059 0.046 0.057 0.027 0.069 0.080 0.060 0.056 0.068 0.125 0.056
0.070 0.102 0.097 0.042 0.086 0.033 0.026 0.063 0.082 0.049 0.092 0.042 0.129 0.087
0.085 0.079 0.038 0.063 0.084 0.090 0.030 0.081 0.056 0.043 0.097 0.097 0.082 0.074
0.037 0.072 0.071 0.062 0.072 0.081 0.032 0.045 0.056 0.090 0.079 0.050 0.177 0.075
0.050 0.126 0.074 0.051 0.059 0.129 0.021 0.046 0.050 0.047 0.123 0.084 0.095 0.045
0.048 0.064 0.043 0.118 0.098 0.078 0.029 0.058 0.052 0.163 0.061 0.048 0.072 0.068
0.052 0.050 0.026 0.131 0.033 0.048 0.034 0.037 0.057 0.260 0.059 0.090 0.084 0.042
0.054 0.051 0.037 0.046 0.051 0.069 0.036 0.063 0.067 0.207 0.095 0.039 0.054 0.131
0.051 0.063 0.032 0.063 0.055 0.071 0.028 0.063 0.060 0.177 0.144 0.069 0.036 0.087
0.039 0.049 0.110 0.048 0.125 0.032 0.019 0.064 0.090 0.228 0.057 0.027 0.068 0.044
0.053 0.041 0.109 0.036 0.100 0.203 0.025 0.026 0.054 0.177 0.060 0.031 0.030 0.056
0.052 0.029 0.068 0.097 0.111 0.026 0.016 0.036 0.024 0.283 0.098 0.056 0.045 0.059
0.045 0.036 0.035 0.091 0.108 0.066 0.019 0.035 0.033 0.121 0.213 0.058 0.061 0.079
0.031 0.019 0.056 0.038 0.121 0.065 0.013 0.048 0.055 0.257 0.053 0.126 0.081 0.035
0.027 0.071 0.083 0.031 0.076 0.029 0.033 0.039 0.033 0.280 0.083 0.060 0.040 0.114
0.086 0.068 0.044 0.085 0.043 0.038 0.030 0.060 0.067 0.250 0.069 0.063 0.058 0.039
0.047 0.053 0.065 0.057 0.106 0.078 0.020 0.050 0.061 0.196 0.122 0.061 0.052 0.033
0.080 0.035 0.077 0.107 0.022 0.016 0.015 0.074 0.049 0.239 0.095 0.046 0.089 0.055
0.046 0.048 0.042 0.073 0.127 0.062 0.035 0.074 0.053 0.159 0.103 0.053 0.044 0.081
0.188 0.044 0.073 0.020 0.100 0.040 0.032 0.029 0.037 0.173 0.159 0.019 0.039 0.047
0.063 0.058 0.060 0.066 0.067 0.072 0.030 0.056 0.075 0.178 0.090 0.059 0.065 0.061
0.045 0.058 0.027 0.065 0.087 0.105 0.033 0.055 0.034 0.175 0.123 0.101 0.022 0.071
0.045 0.048 0.120 0.057 0.064 0.103 0.026 0.043 0.052 0.105 0.123 0.120 0.058 0.036
0.104 0.043 0.039 0.077 0.025 0.070 0.021 0.049 0.050 0.241 0.086 0.083 0.067 0.046
0.039 0.029 0.053 0.091 0.054 0.130 0.036 0.028 0.064 0.150 0.117 0.074 0.059 0.074
0.055 0.081 0.062 0.068 0.115 0.137 0.043 0.020 0.043 0.242 0.034 0.028 0.026 0.046
0.070 0.030 0.072 0.037 0.038 0.085 0.025 0.046 0.094 0.198 0.103 0.027 0.029 0.146
0.097 0.048 0.019 0.045 0.069 0.059 0.037 0.017 0.050 0.298 0.122 0.049 0.029 0.060
0.046 0.059 0.047 0.048 0.156 0.036 0.030 0.038 0.030 0.132 0.157 0.037 0.121 0.064
0.028 0.100 0.042 0.037 0.049 0.102 0.037 0.020 0.019 0.255 0.085 0.027 0.063 0.136
0.034 0.045 0.047 0.097 0.058 0.063 0.030 0.036 0.030 0.224 0.085 0.063 0.092 0.095
0.067 0.045 0.074 0.051 0.099 0.055 0.028 0.057 0.062 0.150 0.092 0.069 0.070 0.080
0.063 0.056 0.068 0.075 0.064 0.067 0.031 0.055 0.063 0.173 0.081 0.064 0.066 0.073
0.066 0.059 0.065 0.073 0.068 0.074 0.030 0.053 0.059 0.182 0.085 0.059 0.062 0.064
0.043 0.031 0.137 0.045 0.025 0.094 0.024 0.025 0.089 0.195 0.203 0.030 0.036 0.023
0.050 0.037 0.024 0.114 0.048 0.041 0.029 0.026 0.071 0.206 0.152 0.043 0.069 0.090
0.064 0.058 0.062 0.075 0.075 0.071 0.032 0.052 0.066 0.174 0.082 0.066 0.056 0.066
0.059 0.093 0.067 0.069 0.098 0.056 0.035 0.022 0.063 0.153 0.061 0.093 0.092 0.036
0.026 0.023 0.026 0.058 0.067 0.186 0.018 0.039 0.073 0.250 0.079 0.025 0.076 0.054
0.033 0.062 0.031 0.061 0.090 0.091 0.027 0.020 0.159 0.308 0.028 0.024 0.042 0.024
0.024 0.047 0.034 0.061 0.050 0.056 0.023 0.016 0.050 0.362 0.070 0.033 0.064 0.111
0.033 0.052 0.020 0.101 0.048 0.053 0.020 0.043 0.048 0.206 0.159 0.091 0.050 0.077
0.053 0.051 0.055 0.054 0.044 0.062 0.025 0.032 0.057 0.218 0.133 0.060 0.049 0.108
0.027 0.016 0.089 0.065 0.036 0.072 0.022 0.042 0.083 0.232 0.137 0.058 0.057 0.063
0.048 0.060 0.071 0.134 0.066 0.033 0.019 0.057 0.136 0.165 0.074 0.035 0.043 0.061
0.207 0.061 0.029 0.015 0.102 0.068 0.025 0.037 0.058 0.217 0.098 0.023 0.029 0.031
0.128 0.042 0.010 0.034 0.105 0.015 0.023 0.026 0.067 0.139 0.216 0.046 0.054 0.095
0.103 0.041 0.043 0.160 0.044 0.048 0.028 0.027 0.051 0.194 0.090 0.076 0.047 0.047
0.101 0.047 0.097 0.082 0.097 0.049 0.025 0.026 0.067 0.181 0.072 0.078 0.031 0.047
0.039 0.054 0.050 0.072 0.052 0.058 0.143 0.103 0.046 0.079 0.050 0.082 0.133 0.040
0.074 0.068 0.078 0.090 0.071 0.068 0.040 0.064 0.081 0.053 0.075 0.084 0.069 0.084
0.067 0.063 0.062 0.071 0.074 0.077 0.029 0.055 0.067 0.170 0.084 0.063 0.059 0.060
0.052 0.077 0.048 0.074 0.101 0.069 0.029 0.078 0.048 0.218 0.058 0.044 0.057 0.044
0.061 0.025 0.035 0.053 0.082 0.134 0.030 0.025 0.059 0.236 0.107 0.049 0.047 0.056
0.067 0.055 0.063 0.067 0.071 0.075 0.032 0.053 0.067 0.187 0.085 0.063 0.057 0.059
0.059 0.057 0.063 0.076 0.080 0.070 0.032 0.048 0.067 0.199 0.073 0.057 0.060 0.057
0.040 0.029 0.062 0.125 0.064 0.033 0.030 0.033 0.129 0.188 0.093 0.048 0.039 0.088
0.035 0.048 0.041 0.049 0.096 0.098 0.028 0.028 0.043 0.259 0.063 0.119 0.056 0.036
0.070 0.057 0.066 0.065 0.077 0.075 0.030 0.054 0.057 0.172 0.078 0.066 0.062 0.069
0.085 0.046 0.096 0.050 0.047 0.054 0.018 0.027 0.084 0.211 0.047 0.101 0.039 0.095
0.076 0.090 0.054 0.048 0.060 0.097 0.024 0.038 0.044 0.182 0.089 0.116 0.050 0.032
0.066 0.059 0.055 0.070 0.066 0.068 0.035 0.051 0.064 0.193 0.086 0.065 0.060 0.062
0.039 0.024 0.084 0.151 0.043 0.107 0.034 0.024 0.054 0.228 0.071 0.024 0.049 0.069
0.058 0.062 0.055 0.066 0.113 0.155 0.022 0.078 0.040 0.222 0.033 0.032 0.025 0.038
0.134 0.030 0.100 0.065 0.021 0.077 0.023 0.035 0.052 0.203 0.132 0.060 0.025 0.042
0.077 0.026 0.055 0.048 0.022 0.095 0.022 0.035 0.157 0.182 0.065 0.068 0.062 0.084
0.098 0.046 0.038 0.040 0.046 0.107 0.029 0.061 0.076 0.193 0.135 0.034 0.041 0.055
0.049 0.063 0.085 0.047 0.063 0.071 0.028 0.049 0.043 0.221 0.049 0.128 0.041 0.063
0.074 0.026 0.022 0.051 0.053 0.196 0.019 0.026 0.138 0.153 0.128 0.042 0.042 0.030
0.072 0.018 0.018 0.042 0.131 0.056 0.026 0.026 0.054 0.189 0.167 0.138 0.035 0.028
0.041 0.082 0.048 0.050 0.058 0.045 0.022 0.035 0.022 0.293 0.074 0.084 0.083 0.063
0.031 0.017 0.070 0.159 0.023 0.035 0.015 0.019 0.085 0.163 0.238 0.028 0.091 0.027
0.038 0.027 0.117 0.103 0.147 0.049 0.037 0.017 0.030 0.226 0.027 0.051 0.044 0.087
0.052 0.048 0.095 0.060 0.050 0.057 0.032 0.042 0.059 0.214 0.063 0.085 0.080 0.064
0.025 0.047 0.050 0.093 0.095 0.077 0.027 0.047 0.048 0.197 0.067 0.066 0.055 0.106
0.050 0.079 0.050 0.062 0.055 0.093 0.028 0.048 0.063 0.229 0.056 0.032 0.078 0.079
0.094 0.051 0.066 0.074 0.080 0.042 0.021 0.030 0.044 0.230 0.095 0.053 0.063 0.055
0.047 0.093 0.080 0.043 0.030 0.078 0.028 0.031 0.133 0.205 0.094 0.040 0.023 0.076
0.022 0.055 0.075 0.025 0.018 0.069 0.014 0.025 0.084 0.269 0.107 0.054 0.108 0.076
0.061 0.039 0.044 0.114 0.196 0.055 0.015 0.025 0.073 0.203 0.045 0.077 0.014 0.039
0.153 0.037 0.054 0.062 0.073 0.089 0.007 0.011 0.031 0.163 0.151 0.043 0.016 0.109
0.041 0.106 0.031 0.065 0.081 0.078 0.031 0.042 0.097 0.188 0.094 0.042 0.064 0.040
0.055 0.039 0.075 0.080 0.068 0.024 0.025 0.067 0.067 0.208 0.087 0.074 0.087 0.045
0.088 0.060 0.058 0.049 0.082 0.085 0.056 0.049 0.051 0.061 0.127 0.052 0.072 0.111
0.075 0.075 0.078 0.063 0.066 0.074 0.094 0.072 0.074 0.060 0.066 0.069 0.063 0.072
0.064 0.078 0.074 0.070 0.074 0.069 0.040 0.063 0.084 0.062 0.079 0.090 0.071 0.081
0.050 0.065 0.043 0.133 0.104 0.091 0.057 0.058 0.055 0.031 0.055 0.079 0.081 0.097
0.109 0.036 0.079 0.065 0.042 0.062 0.018 0.033 0.081 0.219 0.109 0.061 0.048 0.035
0.037 0.044 0.027 0.113 0.126 0.048 0.025 0.027 0.067 0.194 0.069 0.078 0.047 0.099
0.052 0.022 0.053 0.114 0.090 0.040 0.020 0.037 0.061 0.162 0.116 0.125 0.066 0.043
0.053 0.040 0.092 0.039 0.037 0.097 0.020 0.100 0.045 0.173 0.098 0.048 0.086 0.072
0.047 0.083 0.062 0.087 0.089 0.039 0.030 0.037 0.037 0.142 0.069 0.077 0.069 0.134
0.087 0.057 0.051 0.050 0.063 0.049 0.026 0.048 0.099 0.212 0.055 0.096 0.048 0.059
0.113 0.042 0.029 0.029 0.117 0.037 0.018 0.036 0.045 0.270 0.134 0.060 0.033 0.037
0.057 0.057 0.066 0.069 0.069 0.076 0.032 0.057 0.061 0.185 0.078 0.059 0.076 0.057
0.048 0.048 0.045 0.066 0.083 0.116 0.026 0.052 0.045 0.207 0.063 0.098 0.045 0.058
0.040 0.048 0.038 0.111 0.072 0.064 0.025 0.066 0.121 0.177 0.073 0.047 0.058 0.059
0.060 0.060 0.058 0.068 0.070 0.072 0.031 0.052 0.064 0.199 0.084 0.069 0.059 0.056
0.126 0.035 0.046 0.054 0.041 0.036 0.020 0.036 0.097 0.151 0.249 0.033 0.025 0.050
0.019 0.029 0.045 0.033 0.121 0.063 0.024 0.026 0.096 0.212 0.151 0.075 0.054 0.052
0.081 0.087 0.044 0.079 0.073 0.072 0.031 0.036 0.064 0.205 0.045 0.080 0.062 0.041
0.055 0.038 0.114 0.049 0.100 0.054 0.032 0.061 0.068 0.161 0.122 0.041 0.056 0.049
0.066 0.088 0.048 0.059 0.048 0.103 0.013 0.024 0.039 0.185 0.082 0.141 0.046 0.058
0.043 0.044 0.138 0.053 0.030 0.054 0.029 0.035 0.043 0.242 0.150 0.032 0.049 0.058
0.026 0.039 0.056 0.071 0.066 0.086 0.029 0.028 0.075 0.236 0.102 0.043 0.059 0.084
0.056 0.028 0.049 0.090 0.091 0.042 0.023 0.033 0.118 0.172 0.121 0.094 0.047 0.037
0.120 0.028 0.069 0.051 0.102 0.066 0.031 0.017 0.023 0.223 0.096 0.067 0.052 0.056
0.091 0.058 0.029 0.070 0.088 0.064 0.030 0.051 0.050 0.268 0.032 0.056 0.040 0.072
0.059 0.054 0.036 0.095 0.044 0.050 0.027 0.058 0.053 0.169 0.100 0.054 0.076 0.125
0.065 0.048 0.068 0.055 0.091 0.050 0.026 0.080 0.054 0.226 0.079 0.047 0.074 0.037
0.076 0.050 0.042 0.067 0.045 0.063 0.025 0.041 0.141 0.189 0.058 0.058 0.037 0.108
0.058 0.078 0.047 0.095 0.059 0.084 0.014 0.052 0.098 0.060 0.117 0.046 0.093 0.099
0.108 0.053 0.084 0.099 0.063 0.066 0.036 0.080 0.076 0.076 0.045 0.069 0.052 0.094
0.075 0.075 0.074 0.067 0.065 0.076 0.079 0.068 0.074 0.056 0.079 0.074 0.066 0.072
0.048 0.056 0.109 0.108 0.053 0.096 0.028 0.033 0.103 0.049 0.053 0.123 0.054 0.086
0.095 0.099 0.041 0.072 0.055 0.089 0.042 0.061 0.066 0.037 0.041 0.139 0.076 0.085
0.029 0.072 0.043 0.088 0.104 0.058 0.035 0.078 0.119 0.082 0.024 0.048 0.090 0.131
0.049 0.061 0.116 0.142 0.055 0.063 0.022 0.031 0.086 0.093 0.094 0.047 0.057 0.084
0.056 0.059 0.083 0.083 0.091 0.079 0.034 0.041 0.078 0.091 0.054 0.057 0.097 0.097
0.065 0.058 0.039 0.055 0.113 0.087 0.053 0.111 0.086 0.054 0.065 0.098 0.076 0.040
0.104 0.058 0.050 0.090 0.097 0.086 0.082 0.067 0.071 0.047 0.050 0.074 0.051 0.072
0.107 0.085 0.092 0.070 0.037 0.038 0.050 0.050 0.081 0.042 0.052 0.074 0.103 0.121
0.035 0.037 0.136 0.052 0.126 0.089 0.021 0.032 0.088 0.072 0.062 0.104 0.039 0.107
0.063 0.087 0.049 0.129 0.072 0.072 0.037 0.058 0.046 0.052 0.104 0.047 0.082 0.102
0.062 0.080 0.064 0.093 0.042 0.036 0.028 0.038 0.055 0.086 0.072 0.120 0.122 0.103
0.096 0.072 0.060 0.042 0.072 0.125 0.027 0.050 0.124 0.046 0.080 0.057 0.069 0.080
0.056 0.050 0.062 0.065 0.101 0.131 0.030 0.096 0.056 0.053 0.063 0.078 0.086 0.075
0.084 0.071 0.068 0.059 0.075 0.089 0.044 0.073 0.076 0.070 0.051 0.084 0.097 0.057
0.049 0.054 0.119 0.062 0.100 0.049 0.031 0.032 0.122 0.076 0.072 0.076 0.064 0.094
0.047 0.054 0.046 0.104 0.057 0.160 0.052 0.054 0.047 0.065 0.097 0.072 0.041 0.104
0.045 0.086 0.055 0.093 0.139 0.089 0.024 0.048 0.047 0.059 0.073 0.042 0.155 0.046
0.062 0.062 0.104 0.060 0.054 0.061 0.025 0.111 0.045 0.081 0.086 0.111 0.057 0.081
0.054 0.074 0.041 0.069 0.117 0.042 0.037 0.056 0.078 0.070 0.092 0.066 0.083 0.120
0.068 0.055 0.098 0.058 0.047 0.062 0.033 0.036 0.088 0.082 0.035 0.200 0.029 0.110
0.038 0.050 0.083 0.059 0.037 0.090 0.113 0.149 0.042 0.042 0.049 0.123 0.071 0.055
0.069 0.065 0.068 0.077 0.083 0.078 0.034 0.064 0.084 0.062 0.080 0.072 0.076 0.088
0.071 0.065 0.083 0.077 0.073 0.033 0.038 0.071 0.078 0.052 0.108 0.064 0.051 0.137
0.084 0.041 0.083 0.093 0.136 0.037 0.051 0.081 0.072 0.031 0.037 0.155 0.054 0.044
0.071 0.031 0.019 0.055 0.073 0.132 0.057 0.063 0.172 0.038 0.070 0.063 0.059 0.098
0.084 0.051 0.040 0.083 0.065 0.047 0.115 0.052 0.108 0.044 0.067 0.061 0.099 0.084
0.109 0.091 0.043 0.042 0.056 0.073 0.150 0.068 0.054 0.041 0.055 0.070 0.068 0.080
0.064 0.055 0.047 0.042 0.071 0.080 0.036 0.073 0.064 0.078 0.070 0.122 0.120 0.078
0.094 0.075 0.064 0.055 0.123 0.080 0.034 0.087 0.056 0.060 0.036 0.094 0.069 0.073
0.043 0.074 0.124 0.082 0.042 0.060 0.046 0.078 0.052 0.047 0.041 0.157 0.090 0.064
0.069 0.069 0.062 0.052 0.061 0.067 0.214 0.082 0.049 0.042 0.049 0.063 0.061 0.061
0.066 0.046 0.062 0.059 0.067 0.113 0.035 0.047 0.131 0.059 0.072 0.041 0.146 0.055
0.126 0.053 0.033 0.022 0.093 0.060 0.031 0.033 0.043 0.152 0.061 0.101 0.080 0.111
0.075 0.065 0.040 0.049 0.115 0.042 0.038 0.086 0.092 0.056 0.099 0.103 0.078 0.063
0.154 0.048 0.097 0.058 0.078 0.052 0.035 0.047 0.052 0.044 0.068 0.204 0.023 0.041
0.090 0.076 0.101 0.078 0.095 0.119 0.033 0.052 0.076 0.058 0.067 0.043 0.054 0.058
0.053 0.045 0.037 0.090 0.033 0.056 0.031 0.062 0.101 0.078 0.052 0.212 0.052 0.100
0.049 0.039 0.068 0.060 0.130 0.035 0.103 0.078 0.038 0.053 0.077 0.085 0.102 0.083
0.066 0.097 0.058 0.055 0.098 0.058 0.051 0.043 0.092 0.051 0.094 0.078 0.076 0.085
0.053 0.058 0.043 0.045 0.106 0.087 0.030 0.068 0.081 0.071 0.078 0.112 0.087 0.081
0.095 0.051 0.060 0.062 0.049 0.092 0.030 0.059 0.051 0.059 0.079 0.165 0.109 0.037
0.077 0.055 0.063 0.083 0.070 0.036 0.027 0.087 0.099 0.104 0.057 0.121 0.047 0.073
0.067 0.060 0.049 0.082 0.064 0.081 0.071 0.050 0.094 0.041 0.078 0.092 0.050 0.123
0.060 0.088 0.098 0.068 0.064 0.136 0.039 0.049 0.061 0.082 0.079 0.055 0.044 0.077
0.101 0.072 0.033 0.093 0.052 0.102 0.061 0.091 0.080 0.062 0.059 0.093 0.051 0.049
0.050 0.063 0.043 0.098 0.071 0.057 0.036 0.059 0.086 0.062 0.080 0.136 0.052 0.108
0.048 0.052 0.062 0.105 0.084 0.073 0.044 0.063 0.118 0.049 0.071 0.059 0.104 0.066
0.064 0.054 0.070 0.128 0.055 0.057 0.040 0.040 0.033 0.076 0.057 0.114 0.088 0.125
0.073 0.073 0.081 0.079 0.078 0.068 0.055 0.071 0.071 0.057 0.069 0.073 0.072 0.079
0.077 0.079 0.048 0.106 0.036 0.093 0.045 0.114 0.028 0.027 0.039 0.119 0.080 0.110
0.083 0.049 0.047 0.067 0.048 0.050 0.052 0.071 0.074 0.071 0.094 0.113 0.047 0.133
0.073 0.102 0.139 0.063 0.077 0.070 0.101 0.065 0.034 0.031 0.042 0.091 0.027 0.085
0.048 0.078 0.121 0.063 0.046 0.092 0.061 0.053 0.081 0.027 0.051 0.118 0.058 0.104
0.068 0.065 0.088 0.114 0.067 0.085 0.075 0.041 0.109 0.081 0.038 0.069 0.062 0.039
0.039 0.065 0.066 0.057 0.090 0.055 0.043 0.079 0.111 0.065 0.100 0.083 0.058 0.087
0.053 0.080 0.124 0.050 0.038 0.117 0.075 0.072 0.091 0.050 0.055 0.092 0.053 0.050
0.051 0.044 0.095 0.086 0.092 0.054 0.033 0.089 0.066 0.078 0.073 0.053 0.074 0.110
0.152 0.075 0.060 0.073 0.066 0.034 0.024 0.052 0.059 0.043 0.106 0.137 0.078 0.041
0.028 0.051 0.077 0.105 0.044 0.060 0.033 0.072 0.067 0.045 0.188 0.073 0.085 0.072
0.055 0.067 0.053 0.078 0.126 0.073 0.047 0.081 0.073 0.050 0.057 0.122 0.057 0.062
0.036 0.052 0.065 0.061 0.120 0.062 0.028 0.067 0.062 0.079 0.127 0.117 0.062 0.062
0.078 0.052 0.076 0.060 0.076 0.118 0.039 0.082 0.091 0.044 0.068 0.068 0.083 0.065
0.054 0.084 0.080 0.061 0.096 0.059 0.118 0.092 0.061 0.078 0.046 0.035 0.079 0.057
0.059 0.022 0.030 0.132 0.038 0.116 0.025 0.090 0.099 0.108 0.090 0.035 0.095 0.059
0.125 0.040 0.040 0.057 0.073 0.131 0.025 0.077 0.063 0.064 0.077 0.062 0.082 0.084
0.054 0.054 0.029 0.052 0.081 0.049 0.033 0.041 0.142 0.058 0.047 0.134 0.072 0.155
0.091 0.027 0.045 0.065 0.087 0.065 0.033 0.075 0.119 0.045 0.080 0.122 0.110 0.036
0.089 0.041 0.097 0.029 0.068 0.046 0.022 0.035 0.111 0.049 0.141 0.111 0.040 0.119
0.064 0.070 0.062 0.077 0.071 0.064 0.086 0.072 0.080 0.073 0.071 0.069 0.069 0.071
0.048 0.071 0.095 0.077 0.057 0.089 0.041 0.040 0.060 0.058 0.123 0.111 0.067 0.062
0.057 0.063 0.034 0.103 0.148 0.041 0.045 0.058 0.114 0.046 0.045 0.115 0.039 0.091
0.075 0.122 0.054 0.061 0.094 0.049 0.048 0.095 0.089 0.058 0.068 0.069 0.054 0.064
0.052 0.054 0.045 0.105 0.084 0.086 0.026 0.049 0.141 0.062 0.116 0.090 0.051 0.040
0.069 0.093 0.030 0.139 0.074 0.050 0.035 0.041 0.097 0.066 0.085 0.081 0.077 0.063
0.061 0.071 0.113 0.083 0.065 0.047 0.024 0.062 0.095 0.099 0.054 0.065 0.100 0.061
0.043 0.077 0.047 0.046 0.098 0.070 0.065 0.058 0.152 0.056 0.051 0.042 0.058 0.138
0.040 0.048 0.074 0.103 0.077 0.103 0.030 0.037 0.046 0.067 0.080 0.062 0.179 0.055
0.082 0.093 0.074 0.057 0.063 0.077 0.033 0.030 0.047 0.027 0.043 0.163 0.111 0.101
0.065 0.101 0.056 0.081 0.116 0.047 0.030 0.042 0.041 0.056 0.035 0.159 0.048 0.124
0.051 0.096 0.102 0.101 0.089 0.065 0.032 0.047 0.043 0.099 0.097 0.059 0.046 0.075
0.039 0.190 0.074 0.037 0.109 0.054 0.042 0.044 0.061 0.038 0.061 0.080 0.090 0.081
0.032 0.039 0.063 0.078 0.118 0.073 0.033 0.073 0.116 0.084 0.071 0.085 0.054 0.082
0.085 0.038 0.046 0.065 0.116 0.070 0.081 0.074 0.039 0.039 0.054 0.129 0.067 0.097
0.044 0.026 0.058 0.047 0.173 0.028 0.025 0.032 0.263 0.069 0.094 0.040 0.045 0.056
0.052 0.092 0.070 0.105 0.073 0.049 0.025 0.050 0.078 0.021 0.075 0.179 0.054 0.076
0.098 0.095 0.062 0.059 0.047 0.058 0.037 0.066 0.091 0.042 0.072 0.104 0.069 0.099
0.060 0.067 0.066 0.072 0.078 0.078 0.093 0.069 0.068 0.061 0.070 0.074 0.073 0.070
0.051 0.126 0.057 0.072 0.053 0.035 0.023 0.063 0.119 0.054 0.145 0.085 0.040 0.076
0.070 0.070 0.068 0.069 0.066 0.061 0.149 0.076 0.070 0.052 0.060 0.061 0.066 0.062
0.048 0.094 0.032 0.054 0.047 0.089 0.034 0.071 0.109 0.049 0.051 0.163 0.079 0.079
0.069 0.057 0.069 0.053 0.043 0.068 0.067 0.080 0.181 0.044 0.038 0.099 0.080 0.052
0.052 0.047 0.061 0.125 0.113 0.081 0.033 0.077 0.047 0.071 0.040 0.051 0.148 0.054
0.086 0.047 0.025 0.057 0.198 0.087 0.045 0.039 0.075 0.028 0.046 0.092 0.080 0.096
0.048 0.113 0.024 0.075 0.056 0.041 0.026 0.082 0.124 0.071 0.120 0.076 0.069 0.076
0.084 0.029 0.065 0.061 0.093 0.111 0.039 0.043 0.069 0.067 0.122 0.086 0.077 0.054
0.038 0.072 0.053 0.104 0.049 0.115 0.069 0.066 0.085 0.062 0.043 0.062 0.060 0.124
0.062 0.047 0.088 0.057 0.095 0.080 0.031 0.052 0.066 0.047 0.057 0.121 0.032 0.165
0.048 0.056 0.055 0.060 0.095 0.071 0.050 0.057 0.105 0.061 0.146 0.035 0.094 0.065
0.096 0.065 0.104 0.088 0.046 0.043 0.035 0.050 0.066 0.056 0.105 0.082 0.082 0.081
0.073 0.064 0.062 0.058 0.125 0.062 0.032 0.044 0.097 0.049 0.071 0.085 0.099 0.079
0.041 0.144 0.065 0.053 0.070 0.055 0.037 0.065 0.049 0.096 0.049 0.110 0.054 0.113
0.099 0.055 0.071 0.088 0.045 0.053 0.151 0.072 0.051 0.077 0.035 0.079 0.056 0.068
0.040 0.065 0.072 0.069 0.077 0.061 0.060 0.139 0.050 0.057 0.044 0.097 0.118 0.051
0.071 0.049 0.083 0.078 0.090 0.064 0.031 0.073 0.080 0.039 0.046 0.163 0.054 0.079
0.105 0.036 0.029 0.041 0.037 0.103 0.033 0.063 0.137 0.072 0.063 0.053 0.092 0.136
0.075 0.068 0.070 0.069 0.064 0.056 0.033 0.099 0.113 0.034 0.078 0.087 0.070 0.085
0.125 0.037 0.049 0.050 0.115 0.081 0.037 0.065 0.092 0.034 0.132 0.035 0.073 0.076
0.120 0.096 0.051 0.040 0.043 0.046 0.028 0.123 0.093 0.048 0.059 0.100 0.065 0.087
0.104 0.071 0.066 0.037 0.052 0.070 0.032 0.071 0.095 0.027 0.072 0.130 0.068 0.104
0.080 0.087 0.037 0.099 0.157 0.103 0.030 0.068 0.096 0.038 0.033 0.071 0.035 0.066
0.071 0.074 0.074 0.079 0.083 0.080 0.034 0.067 0.077 0.054 0.073 0.086 0.071 0.079
0.044 0.062 0.084 0.062 0.106 0.043 0.032 0.051 0.098 0.064 0.075 0.092 0.119 0.070
0.051 0.084 0.068 0.062 0.075 0.079 0.127 0.076 0.091 0.049 0.045 0.075 0.054 0.064
0.060 0.050 0.054 0.110 0.060 0.096 0.026 0.034 0.080 0.036 0.059 0.121 0.151 0.063
0.060 0.066 0.079 0.108 0.071 0.053 0.035 0.047 0.108 0.057 0.051 0.069 0.163 0.033
0.078 0.036 0.042 0.051 0.052 0.076 0.025 0.028 0.249 0.031 0.072 0.064 0.045 0.151
0.031 0.072 0.050 0.054 0.042 0.070 0.028 0.068 0.055 0.091 0.044 0.113 0.086 0.194
0.072 0.087 0.047 0.122 0.098 0.063 0.035 0.068 0.072 0.036 0.053 0.122 0.059 0.066
0.059 0.140 0.037 0.057 0.100 0.080 0.036 0.104 0.074 0.040 0.076 0.095 0.048 0.054
0.053 0.050 0.073 0.072 0.092 0.079 0.032 0.043 0.042 0.033 0.057 0.142 0.038 0.193
0.104 0.041 0.078 0.065 0.077 0.052 0.022 0.032 0.104 0.083 0.073 0.075 0.078 0.115
0.045 0.032 0.091 0.071 0.043 0.167 0.026 0.096 0.137 0.020 0.028 0.119 0.038 0.086
0.052 0.090 0.034 0.103 0.094 0.077 0.025 0.083 0.064 0.057 0.060 0.099 0.108 0.053
0.049 0.072 0.066 0.156 0.057 0.075 0.037 0.036 0.152 0.045 0.046 0.039 0.069 0.101
0.074 0.087 0.054 0.100 0.094 0.046 0.025 0.052 0.088 0.060 0.168 0.055 0.072 0.028
0.048 0.029 0.044 0.059 0.054 0.083 0.023 0.060 0.198 0.029 0.130 0.042 0.058 0.142
0.069 0.061 0.066 0.073 0.059 0.058 0.027 0.054 0.110 0.053 0.066 0.091 0.060 0.152
0.063 0.064 0.101 0.040 0.093 0.136 0.027 0.049 0.051 0.046 0.120 0.056 0.094 0.060
0.070 0.078 0.070 0.078 0.085 0.079 0.029 0.073 0.078 0.048 0.067 0.083 0.077 0.085
0.053 0.108 0.091 0.110 0.087 0.077 0.036 0.052 0.070 0.049 0.085 0.054 0.055 0.072
0.033 0.035 0.061 0.052 0.105 0.108 0.029 0.064 0.038 0.054 0.071 0.062 0.153 0.135
0.072 0.068 0.071 0.081 0.073 0.077 0.035 0.075 0.093 0.060 0.068 0.081 0.076 0.072
0.062 0.054 0.046 0.052 0.097 0.100 0.028 0.094 0.099 0.062 0.046 0.096 0.100 0.064
0.165 0.068 0.063 0.104 0.119 0.037 0.032 0.039 0.082 0.048 0.058 0.054 0.062 0.069
0.064 0.068 0.025 0.217 0.078 0.072 0.032 0.072 0.068 0.042 0.056 0.075 0.041 0.091
0.076 0.083 0.054 0.186 0.066 0.078 0.029 0.073 0.148 0.025 0.027 0.063 0.049 0.043
0.075 0.052 0.074 0.095 0.073 0.053 0.031 0.062 0.170 0.053 0.043 0.091 0.063 0.066
0.042 0.088 0.087 0.080 0.039 0.065 0.020 0.036 0.043 0.023 0.075 0.136 0.139 0.127
0.058 0.066 0.048 0.080 0.050 0.102 0.047 0.104 0.070 0.067 0.058 0.084 0.085 0.081
0.047 0.024 0.123 0.077 0.042 0.087 0.037 0.054 0.110 0.050 0.076 0.114 0.109 0.050
0.038 0.074 0.061 0.074 0.050 0.127 0.024 0.073 0.058 0.071 0.113 0.096 0.040 0.100
0.043 0.054 0.093 0.081 0.142 0.040 0.025 0.063 0.036 0.035 0.098 0.138 0.070 0.082
0.063 0.051 0.049 0.093 0.063 0.095 0.035 0.080 0.091 0.043 0.077 0.089 0.128 0.044
0.078 0.059 0.052 0.067 0.105 0.108 0.030 0.078 0.073 0.037 0.083 0.086 0.050 0.095
0.131 0.069 0.053 0.055 0.093 0.064 0.032 0.028 0.098 0.043 0.045 0.106 0.131 0.053
0.058 0.053 0.053 0.072 0.068 0.117 0.023 0.037 0.065 0.068 0.069 0.088 0.039 0.190
0.040 0.045 0.093 0.032 0.067 0.051 0.021 0.083 0.111 0.054 0.077 0.102 0.134 0.092
0.044 0.075 0.065 0.092 0.143 0.024 0.008 0.068 0.064 0.077 0.130 0.104 0.056 0.050
0.051 0.142 0.055 0.113 0.066 0.116 0.034 0.046 0.061 0.059 0.080 0.065 0.051 0.061
0.064 0.082 0.068 0.076 0.077 0.069 0.036 0.072 0.080 0.060 0.075 0.083 0.080 0.077
0.077 0.075 0.067 0.078 0.080 0.071 0.033 0.067 0.080 0.051 0.068 0.089 0.080 0.084
0.050 0.098 0.101 0.118 0.083 0.109 0.021 0.029 0.092 0.057 0.059 0.079 0.049 0.055
0.095 0.071 0.044 0.120 0.075 0.046 0.032 0.076 0.050 0.052 0.069 0.083 0.094 0.093
0.036 0.094 0.074 0.027 0.074 0.088 0.022 0.069 0.081 0.042 0.059 0.046 0.113 0.175
0.048 0.123 0.054 0.108 0.035 0.069 0.026 0.034 0.061 0.096 0.069 0.072 0.076 0.129
0.039 0.128 0.093 0.049 0.061 0.071 0.029 0.066 0.069 0.044 0.056 0.073 0.057 0.166
0.121 0.047 0.053 0.071 0.046 0.082 0.028 0.063 0.064 0.080 0.104 0.092 0.089 0.060
0.066 0.096 0.040 0.130 0.066 0.062 0.028 0.061 0.142 0.037 0.084 0.088 0.063 0.038
0.049 0.072 0.066 0.045 0.067 0.060 0.029 0.086 0.067 0.036 0.060 0.091 0.168 0.104
0.109 0.081 0.072 0.044 0.078 0.072 0.031 0.058 0.059 0.062 0.055 0.150 0.052 0.078
0.078 0.072 0.076 0.074 0.073 0.073 0.037 0.063 0.079 0.059 0.076 0.089 0.076 0.075
0.034 0.074 0.069 0.066 0.132 0.072 0.028 0.062 0.116 0.052 0.097 0.073 0.068 0.058
0.068 0.100 0.045 0.037 0.055 0.045 0.025 0.040 0.052 0.058 0.113 0.163 0.094 0.107
0.070 0.084 0.070 0.068 0.073 0.063 0.036 0.075 0.080 0.063 0.077 0.080 0.082 0.080
0.092 0.084 0.029 0.106 0.061 0.125 0.032 0.069 0.064 0.042 0.057 0.055 0.081 0.102
0.071 0.051 0.068 0.128 0.044 0.087 0.023 0.047 0.069 0.069 0.079 0.108 0.060 0.096
0.056 0.033 0.063 0.042 0.070 0.029 0.029 0.036 0.065 0.037 0.048 0.231 0.089 0.171
0.060 0.048 0.035 0.061 0.040 0.131 0.030 0.034 0.145 0.043 0.091 0.079 0.104 0.099
0.073 0.033 0.100 0.117 0.087 0.043 0.030 0.034 0.063 0.039 0.077 0.077 0.091 0.137
0.079 0.074 0.074 0.074 0.073 0.079 0.038 0.068 0.079 0.052 0.070 0.081 0.079 0.081
0.055 0.065 0.054 0.076 0.119 0.053 0.031 0.077 0.089 0.050 0.105 0.043 0.139 0.045
0.052 0.083 0.056 0.135 0.085 0.072 0.029 0.058 0.065 0.057 0.105 0.034 0.080 0.088
0.075 0.042 0.037 0.048 0.062 0.070 0.023 0.055 0.158 0.065 0.087 0.084 0.107 0.089
0.077 0.080 0.075 0.074 0.073 0.073 0.026 0.062 0.068 0.035 0.077 0.122 0.094 0.065
0.043 0.045 0.080 0.062 0.040 0.033 0.029 0.051 0.068 0.052 0.087 0.100 0.160 0.150
0.051 0.036 0.041 0.108 0.108 0.128 0.028 0.067 0.106 0.075 0.035 0.108 0.042 0.068
0.097 0.146 0.029 0.094 0.046 0.098 0.023 0.072 0.062 0.055 0.066 0.082 0.052 0.076
0.092 0.092 0.075 0.054 0.045 0.033 0.027 0.047 0.044 0.071 0.098 0.092 0.154 0.076
0.063 0.064 0.024 0.146 0.077 0.039 0.029 0.034 0.081 0.062 0.094 0.124 0.079 0.085
0.061 0.054 0.067 0.046 0.081 0.038 0.028 0.047 0.252 0.040 0.065 0.112 0.076 0.033
0.071 0.083 0.072 0.079 0.063 0.076 0.036 0.066 0.087 0.056 0.070 0.086 0.070 0.086
0.093 0.050 0.085 0.071 0.050 0.047 0.028 0.083 0.063 0.084 0.049 0.200 0.040 0.057
0.049 0.066 0.125 0.137 0.062 0.061 0.031 0.050 0.067 0.043 0.050 0.073 0.131 0.054
0.120 0.052 0.082 0.083 0.074 0.070 0.025 0.047 0.103 0.034 0.113 0.044 0.050 0.103
0.064 0.074 0.045 0.057 0.071 0.092 0.031 0.037 0.043 0.047 0.140 0.162 0.049 0.087
0.063 0.049 0.143 0.096 0.064 0.074 0.027 0.065 0.072 0.065 0.041 0.076 0.078 0.088
